cf <- c(
  0.2904047, 0.2904047, 0.2070468, 0.2070468, 0.2676134,
  0.2676134, 0.3284704, 0.3284704, 0.3979398, 0.3979398,
  0.4863355, 0.4863355, 0.6306967, 0.6306967, 0.6906705, 0.6906705
)

###### susceptibility ####
# (based on Davies et al, Nature paper)
sus <- c(
  0.3956736, 0.3956736, 0.3815349, 0.3815349, 0.7859512,
  0.7859512, 0.8585759, 0.8585759, 0.7981468, 0.7981468,
  0.8166960, 0.8166960, 0.8784811, 0.8784811, 0.7383189, 0.7383189
)